
[34;1mRun n.ยบ 1[0m
                               Restaurant - Description of the internal state

 CH WT  C00 C01 C02 C03 C04 C05 C06 C07 C08 C09 C10 C11 C12 C13 C14 C15 C16 C17 C18 C19  ATT FIE 1st las
  0  0    1   1   1   1   1   1   1   1   1   1   1   1   1   1   1   1   1   1   1   1    0   0   0  -1
  0  0    1   1   1   1   1   1   1   1   1   1   1   1   1   1   1   1   1   1   2   1    1   0  18  -1
  0  0    2   1   1   1   1   1   1   1   1   1   1   1   1   1   1   1   1   1   2   1    2   0  18  -1
  0  0    2   1   1   2   1   1   1   1   1   1   1   1   1   1   1   1   1   1   2   1    3   0  18  -1
  0  0    2   1   1   2   1   1   1   1   1   1   2   1   1   1   1   1   1   1   2   1    4   0  18  -1
  0  0    2   1   1   2   1   1   2   1   1   1   2   1   1   1   1   1   1   1   2   1    5   0  18  -1
  0  0    2   1   1   2   1   1   2   1   1   2   2   1   1   1   1   1   1   1   2   1    6   0  18  -1
  0  0    2   1   1   2   1   1   2   1   1   2   2   1   1   1   1   1   2   1   2   1    7   0  18  -1
  0  0    2   1   1   2   1   2   2   1   1   2   2   1   1   1   1   1   2   1   2   1    8   0  18  -1
  0  0    2   1   1   2   1   2   2   1   1   2   2   1   2   1   1   1   2   1   2   1    9   0  18  -1
  0  0    2   1   1   2   2   2   2   1   1   2   2   1   2   1   1   1   2   1   2   1   10   0  18  -1
  0  0    2   1   1   2   2   2   2   1   1   2   2   2   2   1   1   1   2   1   2   1   11   0  18  -1
  0  0    2   1   1   2   2   2   2   2   1   2   2   2   2   1   1   1   2   1   2   1   12   0  18  -1
  0  0    2   1   1   2   2   2   2   2   1   2   2   2   2   1   2   1   2   1   2   1   13   0  18  -1
  0  0    2   1   1   2   2   2   2   2   1   2   2   2   2   1   2   1   2   2   2   1   14   0  18  -1
  0  0    2   1   1   2   2   2   2   2   1   2   2   2   2   2   2   1   2   2   2   1   15   0  18  -1
  0  0    2   1   2   2   2   2   2   2   1   2   2   2   2   2   2   1   2   2   2   1   16   0  18  -1
  0  0    2   1   2   2   2   2   2   2   1   2   2   2   2   2   2   1   2   2   2   2   17   0  18  -1
  0  0    2   2   2   2   2   2   2   2   1   2   2   2   2   2   2   1   2   2   2   2   18   0  18  -1
  0  0    2   2   2   2   2   2   2   2   2   2   2   2   2   2   2   1   2   2   2   2   19   0  18  -1
  0  0    2   2   2   2   2   2   2   2   2   2   2   2   2   2   2   4   2   2   2   2   20   0  18  15
  0  0    2   2   2   2   2   2   2   2   2   2   2   2   2   2   2   4   2   2   2   2   20   0  18  15
  0  0    2   2   2   2   2   2   2   2   2   2   2   2   2   2   2   4   2   2   3   2   20   0  18  15
  0  0    4   2   2   2   2   2   2   2   2   2   2   2   2   2   2   4   2   2   3   2   20   0  18  15
  0  0    4   2   2   4   2   2   2   2   2   2   2   2   2   2   2   4   2   2   3   2   20   0  18  15
  0  0    4   2   2   4   2   2   2   2   2   2   4   2   2   2   2   4   2   2   3   2   20   0  18  15
  0  0    4   2   2   4   2   2   4   2   2   2   4   2   2   2   2   4   2   2   3   2   20   0  18  15
  0  0    4   2   2   4   2   2   4   2   2   4   4   2   2   2   2   4   2   2   3   2   20   0  18  15
  0  0    4   2   2   4   2   2   4   2   2   4   4   2   2   2   2   4   4   2   3   2   20   0  18  15
  0  0    4   2   2   4   2   4   4   2   2   4   4   2   2   2   2   4   4   2   3   2   20   0  18  15
  0  0    4   2   2   4   2   4   4   2   2   4   4   2   4   2   2   4   4   2   3   2   20   0  18  15
  0  0    4   2   2   4   4   4   4   2   2   4   4   2   4   2   2   4   4   2   3   2   20   0  18  15
  0  0    4   2   2   4   4   4   4   2   2   4   4   4   4   2   2   4   4   2   3   2   20   0  18  15
  0  0    4   2   2   4   4   4   4   4   2   4   4   4   4   2   2   4   4   2   3   2   20   0  18  15
  0  0    4   2   2   4   4   4   4   4   2   4   4   4   4   2   4   4   4   2   3   2   20   0  18  15
  0  0    4   2   2   4   4   4   4   4   2   4   4   4   4   2   4   4   4   4   3   2   20   0  18  15
  0  0    4   2   2   4   4   4   4   4   2   4   4   4   4   4   4   4   4   4   3   2   20   0  18  15
  0  0    4   2   4   4   4   4   4   4   2   4   4   4   4   4   4   4   4   4   3   2   20   0  18  15
  0  0    4   2   4   4   4   4   4   4   2   4   4   4   4   4   4   4   4   4   3   4   20   0  18  15
  0  0    4   4   4   4   4   4   4   4   2   4   4   4   4   4   4   4   4   4   3   4   20   0  18  15
  0  0    4   4   4   4   4   4   4   4   4   4   4   4   4   4   4   4   4   4   3   4   20   0  18  15
  0  1    4   4   4   4   4   4   4   4   4   4   4   4   4   4   4   4   4   4   3   4   20   0  18  15
  0  1    4   4   4   4   4   4   4   4   4   4   4   4   4   4   4   4   4   4   4   4   20   0  18  15
  0  0    4   4   4   4   4   4   4   4   4   4   4   4   4   4   4   4   4   4   4   4   20   0  18  15
  1  0    4   4   4   4   4   4   4   4   4   4   4   4   4   4   4   4   4   4   4   4   20   0  18  15
  2  0    4   4   4   4   4   4   4   4   4   4   4   4   4   4   4   4   4   4   4   4   20   0  18  15
  2  2    4   4   4   4   4   4   4   4   4   4   4   4   4   4   4   4   4   4   4   4   20   0  18  15
  2  2    4   4   4   4   4   4   4   4   4   4   5   4   4   4   4   4   4   4   4   4   20   0  18  15
  2  2    4   4   4   4   4   4   5   4   4   4   5   4   4   4   4   4   4   4   4   4   20   0  18  15
  2  2    5   4   4   4   4   4   5   4   4   4   5   4   4   4   4   4   4   4   4   4   20   0  18  15
  2  2    5   4   4   4   4   4   5   4   4   5   5   4   4   4   4   4   4   4   4   4   20   0  18  15
  2  2    5   4   4   4   4   4   5   4   4   5   5   4   5   4   4   4   4   4   4   4   20   0  18  15
  2  2    5   4   4   4   5   4   5   4   4   5   5   4   5   4   4   4   4   4   4   4   20   0  18  15
  2  2    5   4   4   4   5   4   5   4   4   5   5   5   5   4   4   4   4   4   4   4   20   0  18  15
  2  2    5   4   4   4   5   4   5   5   4   5   5   5   5   4   4   4   4   4   4   4   20   0  18  15
  2  2    5   4   4   4   5   4   5   5   4   5   5   5   5   4   4   5   4   4   4   4   20   0  18  15
  2  2    5   4   4   4   5   4   5   5   4   5   5   5   5   4   4   5   5   4   4   4   20   0  18  15
  2  2    5   4   4   5   5   4   5   5   4   5   5   5   5   4   4   5   5   4   4   4   20   0  18  15
  2  2    5   4   4   5   5   5   5   5   4   5   5   5   5   4   4   5   5   4   4   4   20   0  18  15
  2  2    5   4   4   5   5   5   5   5   4   5   5   5   5   5   4   5   5   4   4   4   20   0  18  15
  2  2    5   4   4   5   5   5   5   5   4   5   5   5   5   5   5   5   5   4   4   4   20   0  18  15
  2  2    5   4   4   5   5   5   5   5   4   5   5   5   5   5   5   5   5   5   4   4   20   0  18  15
  2  0    5   4   4   5   5   5   5   5   4   5   5   5   5   5   5   5   5   5   4   4   20   0  18  15
  2  0    5   4   4   5   5   5   5   5   4   5   5   5   5   5   5   5   5   5   5   4   20   0  18  15
  2  0    5   4   4   5   5   5   5   5   4   5   5   5   5   5   5   5   5   5   5   5   20   0  18  15
  2  0    5   4   5   5   5   5   5   5   4   5   5   5   5   5   5   5   5   5   5   5   20   0  18  15
  2  0    5   4   5   5   5   5   5   5   5   5   5   5   5   5   5   5   5   5   5   5   20   0  18  15
  2  0    5   5   5   5   5   5   5   5   5   5   5   5   5   5   5   5   5   5   5   5   20   0  18  15
  2  0    5   5   5   5   5   5   5   5   5   5   5   5   5   5   6   5   5   5   5   5   20   1  18  15
  2  0    5   5   5   5   5   5   5   5   6   5   5   5   5   5   6   5   5   5   5   5   20   2  18  15
  2  0    5   5   5   5   5   5   5   5   6   5   5   5   5   6   6   5   5   5   5   5   20   3  18  15
  2  0    5   5   5   5   5   5   5   6   6   5   5   5   5   6   6   5   5   5   5   5   20   4  18  15
  2  0    5   6   5   5   5   5   5   6   6   5   5   5   5   6   6   5   5   5   5   5   20   5  18  15
  2  0    5   6   5   5   5   5   5   6   6   5   5   5   5   6   6   5   5   5   6   5   20   6  18  15
  2  0    5   6   5   5   5   5   5   6   6   5   5   5   6   6   6   5   5   5   6   5   20   7  18  15
  2  0    6   6   5   5   5   5   5   6   6   5   5   5   6   6   6   5   5   5   6   5   20   8  18  15
  2  0    6   6   5   5   5   5   5   6   6   5   5   5   6   6   6   6   5   5   6   5   20   9  18  15
  2  0    6   6   5   5   5   5   5   6   6   6   5   5   6   6   6   6   5   5   6   5   20  10  18  15
  2  0    6   6   5   6   5   5   5   6   6   6   5   5   6   6   6   6   5   5   6   5   20  11  18  15
  2  0    6   6   6   6   5   5   5   6   6   6   5   5   6   6   6   6   5   5   6   5   20  12  18  15
  2  0    6   6   6   6   5   5   5   6   6   6   5   5   6   6   6   6   5   5   6   6   20  13  18  15
  2  0    6   6   6   6   5   5   6   6   6   6   5   5   6   6   6   6   5   5   6   6   20  14  18  15
  2  0    6   6   6   6   5   5   6   6   6   6   5   5   6   6   6   6   5   6   6   6   20  15  18  15
  2  0    6   6   6   6   5   5   6   6   6   6   5   6   6   6   6   6   5   6   6   6   20  16  18  15
  2  0    6   6   6   6   5   6   6   6   6   6   5   6   6   6   6   6   5   6   6   6   20  17  18  15
  2  0    6   6   6   6   5   6   6   6   6   6   5   6   6   6   6   6   6   6   6   6   20  18  18  15
  2  0    6   6   6   6   5   6   6   6   6   6   6   6   6   6   6   6   6   6   6   6   20  19  18  15
  2  0    6   6   6   6   6   6   6   6   6   6   6   6   6   6   6   6   6   6   6   6   20  20  18  15
  2  0    6   6   6   6   8   6   6   6   6   6   6   6   6   6   6   6   6   6   6   6   20  20  18  15
  2  0    6   6   6   6   8   6   6   6   6   6   6   6   6   6   8   6   6   6   6   6   20  20  18  15
  2  0    6   6   6   6   8   6   6   6   8   6   6   6   6   6   8   6   6   6   6   6   20  20  18  15
  2  0    6   6   6   6   8   6   6   6   8   6   6   6   6   8   8   6   6   6   6   6   20  20  18  15
  2  0    6   6   6   6   8   6   6   8   8   6   6   6   6   8   8   6   6   6   6   6   20  20  18  15
  2  0    6   6   6   6   8   6   6   8   8   6   6   6   6   8   8   6   6   6   8   6   20  20  18  15
  2  0    6   8   6   6   8   6   6   8   8   6   6   6   6   8   8   6   6   6   8   6   20  20  18  15
  2  0    8   8   6   6   8   6   6   8   8   6   6   6   6   8   8   6   6   6   8   6   20  20  18  15
  2  0    8   8   6   6   8   6   6   8   8   6   6   6   8   8   8   6   6   6   8   6   20  20  18  15
  2  0    8   8   6   6   8   6   6   8   8   6   6   6   8   8   8   7   6   6   8   6   20  20  18  15
  2  0    8   8   6   6   8   6   6   8   8   8   6   6   8   8   8   7   6   6   8   6   20  20  18  15
  2  0    8   8   6   8   8   6   6   8   8   8   6   6   8   8   8   7   6   6   8   6   20  20  18  15
  2  0    8   8   8   8   8   6   6   8   8   8   6   6   8   8   8   7   6   6   8   6   20  20  18  15
  2  0    8   8   8   8   8   6   8   8   8   8   6   6   8   8   8   7   6   6   8   6   20  20  18  15
  2  0    8   8   8   8   8   6   8   8   8   8   6   6   8   8   8   7   6   6   8   8   20  20  18  15
  2  0    8   8   8   8   8   6   8   8   8   8   6   8   8   8   8   7   6   6   8   8   20  20  18  15
  2  0    8   8   8   8   8   6   8   8   8   8   6   8   8   8   8   7   6   8   8   8   20  20  18  15
  2  0    8   8   8   8   8   8   8   8   8   8   6   8   8   8   8   7   6   8   8   8   20  20  18  15
  2  0    8   8   8   8   8   8   8   8   8   8   6   8   8   8   8   7   8   8   8   8   20  20  18  15
  2  0    8   8   8   8   8   8   8   8   8   8   8   8   8   8   8   7   8   8   8   8   20  20  18  15
  2  3    8   8   8   8   8   8   8   8   8   8   8   8   8   8   8   7   8   8   8   8   20  20  18  15
  2  3    8   8   8   8   8   8   8   8   8   8   8   8   8   8   8   8   8   8   8   8   20  20  18  15

[34;1mRun n.ยบ 2[0m
                               Restaurant - Description of the internal state

 CH WT  C00 C01 C02 C03 C04 C05 C06 C07 C08 C09 C10 C11 C12 C13 C14 C15 C16 C17 C18 C19  ATT FIE 1st las
  0  0    1   1   1   1   1   1   1   1   1   1   1   1   1   1   1   1   1   1   1   1    0   0   0  -1
  0  0    1   1   1   1   1   1   2   1   1   1   1   1   1   1   1   1   1   1   1   1    1   0   6  -1
  0  0    1   1   2   1   1   1   2   1   1   1   1   1   1   1   1   1   1   1   1   1    2   0   6  -1
  0  0    1   1   2   1   1   1   2   1   1   1   1   1   1   1   1   1   2   1   1   1    3   0   6  -1
  0  0    1   1   2   1   1   1   2   1   1   1   1   1   2   1   1   1   2   1   1   1    4   0   6  -1
  0  0    1   1   2   1   1   1   2   1   1   1   1   1   2   1   1   1   2   1   1   2    5   0   6  -1
  0  0    1   2   2   1   1   1   2   1   1   1   1   1   2   1   1   1   2   1   1   2    6   0   6  -1
  0  0    1   2   2   1   1   1   2   1   2   1   1   1   2   1   1   1   2   1   1   2    7   0   6  -1
  0  0    1   2   2   1   1   1   2   1   2   1   1   1   2   1   1   2   2   1   1   2    8   0   6  -1
  0  0    1   2   2   1   2   1   2   1   2   1   1   1   2   1   1   2   2   1   1   2    9   0   6  -1
  0  0    1   2   2   1   2   1   2   1   2   1   1   1   2   1   1   2   2   1   2   2   10   0   6  -1
  0  0    1   2   2   1   2   1   2   2   2   1   1   1   2   1   1   2   2   1   2   2   11   0   6  -1
  0  0    1   2   2   2   2   1   2   2   2   1   1   1   2   1   1   2   2   1   2   2   12   0   6  -1
  0  0    1   2   2   2   2   1   2   2   2   1   2   1   2   1   1   2   2   1   2   2   13   0   6  -1
  0  0    1   2   2   2   2   1   2   2   2   1   2   1   2   1   1   2   2   2   2   2   14   0   6  -1
  0  0    1   2   2   2   2   1   2   2   2   1   2   1   2   2   1   2   2   2   2   2   15   0   6  -1
  0  0    1   2   2   2   2   1   2   2   2   2   2   1   2   2   1   2   2   2   2   2   16   0   6  -1
  0  0    1   2   2   2   2   2   2   2   2   2   2   1   2   2   1   2   2   2   2   2   17   0   6  -1
  0  0    1   2   2   2   2   2   2   2   2   2   2   2   2   2   1   2   2   2   2   2   18   0   6  -1
  0  0    2   2   2   2   2   2   2   2   2   2   2   2   2   2   1   2   2   2   2   2   19   0   6  -1
  0  0    2   2   2   2   2   2   2   2   2   2   2   2   2   2   4   2   2   2   2   2   20   0   6  14
  0  0    2   2   2   2   2   2   2   2   2   2   2   2   2   2   4   2   2   2   2   2   20   0   6  14
  0  0    2   2   2   2   2   2   3   2   2   2   2   2   2   2   4   2   2   2   2   2   20   0   6  14
  0  0    2   2   4   2   2   2   3   2   2   2   2   2   2   2   4   2   2   2   2   2   20   0   6  14
  0  0    2   2   4   2   2   2   3   2   2   2   2   2   2   2   4   2   4   2   2   2   20   0   6  14
  0  0    2   2   4   2   2   2   3   2   2   2   2   2   4   2   4   2   4   2   2   2   20   0   6  14
  0  0    2   2   4   2   2   2   3   2   2   2   2   2   4   2   4   2   4   2   2   4   20   0   6  14
  0  0    2   4   4   2   2   2   3   2   2   2   2   2   4   2   4   2   4   2   2   4   20   0   6  14
  0  0    2   4   4   2   2   2   3   2   4   2   2   2   4   2   4   2   4   2   2   4   20   0   6  14
  0  0    2   4   4   2   2   2   3   2   4   2   2   2   4   2   4   4   4   2   2   4   20   0   6  14
  0  0    2   4   4   2   4   2   3   2   4   2   2   2   4   2   4   4   4   2   2   4   20   0   6  14
  0  0    2   4   4   2   4   2   3   2   4   2   2   2   4   2   4   4   4   2   4   4   20   0   6  14
  0  0    2   4   4   2   4   2   3   4   4   2   2   2   4   2   4   4   4   2   4   4   20   0   6  14
  0  0    2   4   4   4   4   2   3   4   4   2   2   2   4   2   4   4   4   2   4   4   20   0   6  14
  0  0    2   4   4   4   4   2   3   4   4   2   4   2   4   2   4   4   4   2   4   4   20   0   6  14
  0  0    2   4   4   4   4   2   3   4   4   2   4   2   4   2   4   4   4   4   4   4   20   0   6  14
  0  0    2   4   4   4   4   2   3   4   4   2   4   2   4   4   4   4   4   4   4   4   20   0   6  14
  0  0    2   4   4   4   4   2   3   4   4   4   4   2   4   4   4   4   4   4   4   4   20   0   6  14
  0  0    2   4   4   4   4   4   3   4   4   4   4   2   4   4   4   4   4   4   4   4   20   0   6  14
  0  0    2   4   4   4   4   4   3   4   4   4   4   4   4   4   4   4   4   4   4   4   20   0   6  14
  0  0    4   4   4   4   4   4   3   4   4   4   4   4   4   4   4   4   4   4   4   4   20   0   6  14
  0  1    4   4   4   4   4   4   3   4   4   4   4   4   4   4   4   4   4   4   4   4   20   0   6  14
  0  1    4   4   4   4   4   4   4   4   4   4   4   4   4   4   4   4   4   4   4   4   20   0   6  14
  0  0    4   4   4   4   4   4   4   4   4   4   4   4   4   4   4   4   4   4   4   4   20   0   6  14
  1  0    4   4   4   4   4   4   4   4   4   4   4   4   4   4   4   4   4   4   4   4   20   0   6  14
  2  0    4   4   4   4   4   4   4   4   4   4   4   4   4   4   4   4   4   4   4   4   20   0   6  14
  2  2    4   4   4   4   4   4   4   4   4   4   4   4   4   4   4   4   4   4   4   4   20   0   6  14
  2  2    4   4   4   4   4   4   4   4   4   4   4   4   4   4   4   4   5   4   4   4   20   0   6  14
  2  2    4   4   4   4   4   4   4   4   4   4   4   4   4   4   5   4   5   4   4   4   20   0   6  14
  2  2    4   4   4   5   4   4   4   4   4   4   4   4   4   4   5   4   5   4   4   4   20   0   6  14
  2  0    4   4   4   5   4   4   4   4   4   4   4   4   4   4   5   4   5   4   4   4   20   0   6  14
  2  0    4   4   4   5   4   4   4   4   4   4   4   4   4   5   5   4   5   4   4   4   20   0   6  14
  2  0    4   4   4   5   4   4   4   4   4   4   4   5   4   5   5   4   5   4   4   4   20   0   6  14
  2  0    4   4   4   5   4   4   4   4   4   4   5   5   4   5   5   4   5   4   4   4   20   0   6  14
  2  0    4   4   4   5   4   4   4   4   4   4   5   5   4   5   5   4   5   4   5   4   20   0   6  14
  2  0    4   4   4   5   4   4   4   4   5   4   5   5   4   5   5   4   5   4   5   4   20   0   6  14
  2  0    4   4   5   5   4   4   4   4   5   4   5   5   4   5   5   4   5   4   5   4   20   0   6  14
  2  0    4   4   5   5   4   4   4   4   5   4   5   5   4   5   5   5   5   4   5   4   20   0   6  14
  2  0    4   4   5   5   4   4   4   4   5   4   5   5   5   5   5   5   5   4   5   4   20   0   6  14
  2  0    4   4   5   5   5   4   4   4   5   4   5   5   5   5   5   5   5   4   5   4   20   0   6  14
  2  0    4   4   5   5   5   5   4   4   5   4   5   5   5   5   5   5   5   4   5   4   20   0   6  14
  2  0    4   4   5   5   5   5   4   5   5   4   5   5   5   5   5   5   5   4   5   4   20   0   6  14
  2  0    4   4   5   5   5   5   5   5   5   4   5   5   5   5   5   5   5   4   5   4   20   0   6  14
  2  0    5   4   5   5   5   5   5   5   5   4   5   5   5   5   5   5   5   4   5   4   20   0   6  14
  2  0    5   4   5   5   5   5   5   5   5   4   5   5   5   5   5   5   5   4   5   5   20   0   6  14
  2  0    5   4   5   5   5   5   5   5   5   5   5   5   5   5   5   5   5   4   5   5   20   0   6  14
  2  0    5   4   5   5   5   5   5   5   5   5   5   5   5   5   5   5   5   5   5   5   20   0   6  14
  2  0    5   5   5   5   5   5   5   5   5   5   5   5   5   5   5   5   5   5   5   5   20   0   6  14
  2  0    5   5   6   5   5   5   5   5   5   5   5   5   5   5   5   5   5   5   5   5   20   1   6  14
  2  0    5   5   6   5   5   5   5   5   5   5   5   5   5   5   5   5   5   5   5   6   20   2   6  14
  2  0    5   6   6   5   5   5   5   5   5   5   5   5   5   5   5   5   5   5   5   6   20   3   6  14
  2  0    5   6   6   5   5   5   5   5   5   5   5   5   5   5   5   5   5   5   6   6   20   4   6  14
  2  0    5   6   6   5   5   5   5   5   5   5   5   5   5   5   5   5   6   5   6   6   20   5   6  14
  2  0    5   6   6   5   5   5   5   5   5   5   6   5   5   5   5   5   6   5   6   6   20   6   6  14
  2  0    5   6   6   5   6   5   5   5   5   5   6   5   5   5   5   5   6   5   6   6   20   7   6  14
  2  0    5   6   6   5   6   5   5   5   5   5   6   5   5   5   5   6   6   5   6   6   20   8   6  14
  2  0    5   6   6   5   6   5   5   5   5   6   6   5   5   5   5   6   6   5   6   6   20   9   6  14
  2  0    5   6   6   6   6   5   5   5   5   6   6   5   5   5   5   6   6   5   6   6   20  10   6  14
  2  0    5   6   6   6   6   5   5   5   5   6   6   5   5   5   6   6   6   5   6   6   20  11   6  14
  2  0    5   6   6   6   6   5   5   5   6   6   6   5   5   5   6   6   6   5   6   6   20  12   6  14
  2  0    5   6   6   6   6   5   5   5   6   6   6   5   5   6   6   6   6   5   6   6   20  13   6  14
  2  0    5   6   6   6   6   5   5   6   6   6   6   5   5   6   6   6   6   5   6   6   20  14   6  14
  2  0    5   6   6   6   6   5   5   6   6   6   6   5   6   6   6   6   6   5   6   6   20  15   6  14
  2  0    5   6   6   6   6   5   6   6   6   6   6   5   6   6   6   6   6   5   6   6   20  16   6  14
  2  0    6   6   6   6   6   5   6   6   6   6   6   5   6   6   6   6   6   5   6   6   20  17   6  14
  2  0    6   6   6   6   6   5   6   6   6   6   6   5   6   6   6   6   6   6   6   6   20  18   6  14
  2  0    6   6   6   6   6   5   6   6   6   6   6   6   6   6   6   6   6   6   6   6   20  19   6  14
  2  0    6   6   6   6   6   6   6   6   6   6   6   6   6   6   6   6   6   6   6   6   20  20   6  14
  2  0    6   6   6   6   6   8   6   6   6   6   6   6   6   6   6   6   6   6   6   6   20  20   6  14
  2  0    6   6   8   6   6   8   6   6   6   6   6   6   6   6   6   6   6   6   6   6   20  20   6  14
  2  0    6   6   8   6   6   8   6   6   6   6   6   6   6   6   6   6   6   6   6   8   20  20   6  14
  2  0    6   8   8   6   6   8   6   6   6   6   6   6   6   6   6   6   6   6   6   8   20  20   6  14
  2  0    6   8   8   6   6   8   6   6   6   6   6   6   6   6   6   6   6   6   8   8   20  20   6  14
  2  0    6   8   8   6   6   8   6   6   6   6   6   6   6   6   6   6   8   6   8   8   20  20   6  14
  2  0    6   8   8   6   6   8   6   6   6   6   8   6   6   6   6   6   8   6   8   8   20  20   6  14
  2  0    6   8   8   6   6   8   6   6   6   8   8   6   6   6   6   6   8   6   8   8   20  20   6  14
  2  0    6   8   8   6   6   8   6   6   6   8   8   6   6   6   6   8   8   6   8   8   20  20   6  14
  2  0    6   8   8   6   8   8   6   6   6   8   8   6   6   6   6   8   8   6   8   8   20  20   6  14
  2  0    6   8   8   8   8   8   6   6   6   8   8   6   6   6   6   8   8   6   8   8   20  20   6  14
  2  0    6   8   8   8   8   8   6   6   6   8   8   6   6   6   7   8   8   6   8   8   20  20   6  14
  2  0    6   8   8   8   8   8   6   6   6   8   8   6   6   8   7   8   8   6   8   8   20  20   6  14
  2  0    6   8   8   8   8   8   6   8   6   8   8   6   6   8   7   8   8   6   8   8   20  20   6  14
  2  0    6   8   8   8   8   8   6   8   8   8   8   6   6   8   7   8   8   6   8   8   20  20   6  14
  2  0    8   8   8   8   8   8   6   8   8   8   8   6   6   8   7   8   8   6   8   8   20  20   6  14
  2  0    8   8   8   8   8   8   6   8   8   8   8   6   8   8   7   8   8   6   8   8   20  20   6  14
  2  0    8   8   8   8   8   8   8   8   8   8   8   6   8   8   7   8   8   6   8   8   20  20   6  14
  2  0    8   8   8   8   8   8   8   8   8   8   8   8   8   8   7   8   8   6   8   8   20  20   6  14
  2  0    8   8   8   8   8   8   8   8   8   8   8   8   8   8   7   8   8   8   8   8   20  20   6  14
  2  3    8   8   8   8   8   8   8   8   8   8   8   8   8   8   7   8   8   8   8   8   20  20   6  14
  2  3    8   8   8   8   8   8   8   8   8   8   8   8   8   8   8   8   8   8   8   8   20  20   6  14
